-21.850129
-21.861675
-21.864262
-22.522837
-21.871597
-22.520445
-21.868759
-21.866387
-21.859557
-21.860478
-21.863959
-21.864563
-21.858705
-21.852825
-21.859107
-21.863366
-21.864191
-21.863784
-21.863730
-21.866919
-21.865069
-22.540580
-22.534047
-22.521021
-21.865318
-22.537259
-22.538407
-22.542765
-22.537763
-22.537684
-22.539752
-22.530171
-22.539321
-22.546577
-22.549175
-22.552070
-22.541033
-22.552944
-22.543904
-22.548935
-22.542361
-22.549804
-22.545322
-22.539501
-22.543010
-22.552101
-22.538715
-22.545676
-22.554935
-22.549943
-22.540759
-22.552994
-22.555126
-22.548654
-22.546439
-22.555169
-22.539416
-22.552868
-22.553750
-23.246674
-22.554290
-22.553186
-22.546081
-23.250351
-23.253460
-22.545667
-22.552618
-22.546372
-22.547010
-22.541208
-22.542984
-22.542654
-22.535869
-23.209450
-23.194482
-23.118807
-24.133212
-25.770305
-14.307584
-23.081732
-14.347020
-17.493951
-21.968127
-23.523233
-24.880976
-25.427958
-25.260812
-25.762854
-25.375469
-25.262994
-27.884476
-30.198334
-28.510532
-30.565995
-24.414780
-31.632348
-32.808047
-32.451965
-29.838057
-33.664525
-24.294908
-31.179609
-31.121401
-29.797769
-32.585975
-32.558004
-31.234610
-29.800937
-31.142869
-36.465830
-31.201996
-29.597415
-31.142583
-29.849812
-33.528408
-29.808057
-29.624988
-31.914087
-24.221350
-24.221957
-23.598731
-24.916008
-25.418646
-25.234772
-24.850308
-24.675460
-24.048715
-22.837935
-18.497835
-19.788284
-20.018352
-18.925702
-20.586831
-20.831710
-20.178847
-20.457751
-20.405056
-22.009326
-21.168469
-21.413124
-21.928880
-20.209938
-22.377855
-21.280648
-21.785463
-22.170780
-21.981348
-22.671435
-20.542382
-20.959245
-22.390770
-21.482017
-21.642329
-21.886318
-20.097588
-20.408142
-19.868520
-21.291548
-21.942982
-16.712631
-21.228686
-17.228781
-23.630730
-22.476153
-14.527626
-16.184532
-15.600637
-21.345930
-21.536352
-20.551385
-19.822238
-20.093552
-19.963907
-20.591034
-20.158139
-19.239239
-19.509081
-19.195627
-19.478738
-19.030632
-18.892661
-19.888073
-18.603294
-18.530294
-18.398389
-17.616626
-17.686419
-18.433495
-18.298549
-17.962401
-18.443117
-17.961318
-18.048450
-17.565175
-14.578046
-14.214237
-15.181632
-12.341434
-18.241946
-13.737218
-14.853257
-14.823047
-13.659403
-14.149766
-11.564383
-13.527708
-13.108246
-12.624763
-10.700215
16.984788
15.983059
16.781778
16.769696
-10.368212
16.944880
16.964023
16.945704
-13.884335
-12.588503
-12.595905
-13.206758
-12.604241
-12.596172
-12.577630
-12.556541
-12.545977
-13.007477
-12.967416
-12.961083
-13.000610
-12.550454
-13.062079
-12.547500
-13.037630
-13.049582
-13.065916
-12.568269
-12.571543
-12.565972
-13.091902
-13.108354
-12.567668
-12.564553
-12.579669
-12.580767
-12.581818
-12.579706
-26.085768
-24.582978
-24.602600
-24.584079
-14.657527
-12.563514
-12.569091
-12.569814
-13.536672
-13.609244
-12.567187
-13.524720
-13.618002
-12.582296
-12.559267
-12.568007
-19.167245
-12.562654
-15.499299
-20.343027
-19.552174
-18.934047
-15.772730
-17.394724
-15.308893
-12.551140
-12.551764
-12.557395
-12.556877
-32.327961
-24.590790
-27.684697
-16.636109
11.899463
-13.529404
9.576523
12.372986
10.248617
11.555346
12.903183
10.355986
5.840852
13.100970
10.245759
10.782871
7.800632
14.864827
13.220170
14.233035
13.893681
14.191795
10.376018
8.398702
14.801991
13.637795
12.898651
14.747176
15.114950
12.613690
14.407703
15.500841
15.532251
14.935679
15.549145
15.417444
-11.969033
14.020074
15.060694
13.409521
14.308750
14.853447
15.612665
13.540239
15.394419
13.411725
-11.556683
14.379410
13.488536
-10.979969
15.244791
15.345699
14.205333
15.750025
-12.489737
15.851038
15.783103
15.632063
15.621457
15.864684
15.642650
15.383525
15.469551
16.143761
16.963507
17.082433
16.804898
16.880387
16.841497
15.716485
17.113260
16.914732
-22.638029
16.982744
17.127244
17.108634
16.837617
16.994974
16.924825
17.024302
16.872802
17.095507
17.043449
15.365371
16.816064
16.973989
17.115831
-10.947462
16.730527
16.968068
17.144564
16.890004
15.419429
17.118798
16.764486
-9.906645
17.052480
17.065134
16.761986
16.740174
17.067828
17.121496
16.570763
-9.694260
11.707637
15.021971
16.878847
16.875430
17.043896
16.589102
16.564503
16.758927
16.728147
-11.313157
16.842820
16.681047
15.665077
16.777172
16.995554
17.109239
-9.372201
16.936317
16.961307
17.027193
15.765844
17.039954
16.776705
-9.733897
17.081955
16.833364
16.792126
17.082004
16.773280
16.982108
16.747540
-10.797122
16.959486
-10.515964
16.978078
17.126108
16.640086
16.999205
17.083884
-10.790818
17.091887
17.113567
17.090788
17.089859
-11.918774
17.104421
17.058631
17.002424
16.824648
16.953689
16.801365
17.138260
16.840040
15.916910
17.012093
16.653302
17.141947
16.733416
17.101622
16.921934
17.126850
-10.866614
17.106692
17.114621
16.924659
16.853237
16.944102
17.069238
16.905631
15.688344
16.989565
17.092301
16.826788
17.120540
16.987079
17.066958
16.810324
17.042094
16.623422
16.995063
16.835176
16.560436
17.021876
16.939593
16.862272
16.585257
16.514306
16.820400
17.079067
17.115000
16.888349
16.982337
16.978278
16.912285
17.062759
16.986033
-12.270402
16.545926
16.842745
17.095666
16.667351
17.051147
16.790111
17.149921
17.120872
16.930419
16.762623
16.948680
17.021835
16.884104
16.957554
17.079812
16.885451
16.903397
16.731785
17.024782
16.816462
17.063342
16.738733
17.121212
16.801016
16.873947
16.697121
16.968755
16.907651
17.059016
17.122420
-12.620226
17.110517
17.014794
16.242186
17.145568
-12.445358
16.414103
17.092561
16.779530
16.851146
16.868038
17.078217
16.942296
16.726455
17.057822
16.550600
16.949974
17.064830
17.088527
17.024917
17.127756
17.000023
17.100788
17.001366
16.933724
16.909965
17.072585
16.890387
17.098790
17.071323
17.012202
16.927763
17.092730
16.894110
17.044098
17.084587
16.821357
16.985684
16.803445
17.090885
17.043207
16.965135
16.926663
16.938889
17.108512
17.032476
17.140952
16.592851
16.648926
17.014000
16.793927
17.025832
16.998106
17.125770
17.142750
17.121353
16.977704
17.070458
16.829403
17.079316
16.828502
17.006670
17.112302
16.983740
17.035448
16.927550
17.030494
17.136916
17.095794
16.975472
17.040692
17.045556
16.961672
17.083635
17.014410
16.984230
17.016891
16.716879
17.044697
17.027850
16.555209
16.754926
16.823468
17.087733
17.051712
16.888477
17.101433
16.918429
16.961821
17.046896
16.918946
17.064251
17.005245
16.944260
17.067892
16.793014
17.041678
17.028089
16.948071
16.831056
17.057060
16.974122
16.719713
17.070859
17.121601
17.152154
